The dataset is: chest_xray_3
The start time is 2022-01-29 14:19:45.890677 and end time 2022-01-30 01:37:45.310641
Architecture: resnet20
learning rate: 0.1
epoch: 100
weight_decay: 0.0001
Momentum: 0.9

        batch_size: 128
Testing Accuracy: [66.5, 79.25, 81.5, 88.25, 86.5, 83.0, 89.25, 86.0, 67.25, 85.75, 89.25, 91.0, 90.5, 72.0, 89.25, 83.5, 90.5, 77.75, 82.0, 86.5, 85.5, 87.75, 75.25, 71.25, 91.0, 90.5, 92.5, 87.5, 86.25, 91.25, 85.25, 88.25, 89.5, 86.25, 91.5, 87.75, 90.0, 82.5, 93.0, 77.75, 89.25, 88.25, 87.75, 89.5, 64.75, 89.0, 77.25, 83.25, 91.25, 71.5, 90.5, 73.5, 88.75, 83.75, 89.5, 73.5, 69.0, 82.75, 74.0, 81.5, 83.25, 84.25, 76.75, 66.75, 87.75, 91.75, 86.25, 76.5, 92.0, 90.25, 90.5, 77.5, 86.5, 80.0, 69.0, 82.0, 85.75, 89.75, 79.25, 91.75, 56.75, 85.0, 80.75, 89.0, 89.0, 89.0, 90.0, 86.25, 90.0, 71.5, 83.5, 79.5, 88.5, 87.5, 80.5, 85.5, 81.5, 66.75, 89.25, 72.5]
Training Accuracy": [82.7738283226652, 91.64362822538178, 93.01606108478147, 93.37151131371311, 94.60900473130133, 95.23762506582412, 95.53383359261223, 96.18878356628257, 96.55081621906267, 96.90955766192732, 97.1465244825543, 97.31766718924203, 97.52172195490816, 97.62374933774123, 97.77514480904192, 97.96603475513429, 98.0713533438652, 98.14046866370226, 98.2885729331227, 98.18983675618746, 98.2490784623486, 98.38072669826224, 98.57161664033701, 98.2885729331227, 98.47946287519747, 98.65389678778304, 98.53870457332344, 98.68351764086361, 98.41363875322307, 98.75263296471827, 98.5617430226435, 98.78554501967909, 98.7065560821485, 98.48275407306014, 98.86124275532944, 98.7065560821485, 98.74934175882044, 98.59136387572407, 98.73617693522907, 98.97314375987362, 98.81516586874208, 98.76908899018989, 98.57161663631943, 98.67035281325467, 98.95339652448658, 98.9961822011585, 98.76579778830964, 98.82174828857293, 98.93364928508194, 98.80200104515072, 99.04225907971069, 98.82833069233344, 98.79541863737262, 98.9139020496949, 98.98630858346498, 98.83491310814671, 98.8250394904532, 99.10150078185424, 99.01922064244339, 98.9073196419168, 98.97643496577146, 98.9632701421801, 98.79870984728805, 99.02251184834124, 98.8414955199424, 98.93364928909952, 98.9139020456773, 99.01592943654555, 99.12783043305456, 98.9863085794474, 99.01922063842581, 98.86453396524486, 99.07846234056936, 99.01922063440821, 99.00276461295418, 98.91061084379706, 99.22656660998979, 98.9303580791841, 99.03567667193259, 98.94023169687762, 99.02909425210174, 98.91719325961031, 99.02909425611932, 99.00605581483444, 99.03896787783043, 99.27264348854197, 99.11466561348078, 99.0521327014218, 98.96985255397577, 99.05871511321749, 98.9797261716693, 99.18048972742001, 99.08833596228047, 98.97643496577146, 99.00934702474987, 99.10150078988941, 99.05213269740422, 98.98301737756714, 99.04884149552396, 98.95997893628225]
Testing Loss":
         [1.2524265325069428, 0.591495418548584, 0.41069283202290535, 0.37510220527648924, 0.4123171591758728, 0.5204176146537065, 0.3446318793296814, 0.47606966376304627, 1.1275254668761046, 0.46985168877989053, 0.32737133622169495, 0.30346314169466493, 0.38740829706192015, 2.3309076646342874, 0.3730964493751526, 0.6160204129386693, 0.3084943613409996, 0.8018116112332792, 0.976220076084137, 0.7589551281929016, 0.5094033623952419, 0.5909335529804229, 1.0320910224784166, 1.3586709818581584, 0.34136568307876586, 0.37601777479052545, 0.2579847498983145, 0.5847182846069336, 0.5549191069602967, 0.39243646800518034, 0.51316639482975, 0.3878947758674622, 0.3603167998790741, 0.5862646269984544, 0.3473558968305588, 0.41998101323843, 0.5136307650804519, 0.7266270120255649, 0.2848805829882622, 0.7334674151986837, 0.33531172275543214, 0.496177042722702, 0.4489423575997353, 0.37228339672088623, 1.883292633946985, 0.4263488960266113, 1.301966222524643, 0.7654006337746978, 0.30909517765045164, 1.9559729135781527, 0.4457029324769974, 1.0919384679682844, 0.5052623760700226, 0.6325842747394926, 0.4076492523029447, 1.3207663182134275, 1.5174439479410649, 0.753814525604248, 1.18241110984236, 0.9072765469551086, 0.5818546062475071, 0.8117740035057068, 0.9829679638240486, 1.6878823923313757, 0.4501075565814972, 0.27327520817518236, 0.5509663458494469, 1.3409203386306763, 0.4238364452123642, 0.31155901730060576, 0.4117004355043173, 1.3510101354122162, 0.5201487963815452, 0.9044858554052189, 1.1958290858904366, 0.734235648396425, 0.6338347986526788, 0.3686254911124706, 1.259751011878252, 0.36375956401228904, 3.4715164572623327, 0.6891295355558396, 0.9998929381370545, 0.3994176124036312, 0.4757997015118599, 0.49763379514217376, 0.4053916685841978, 0.6567541134357452, 0.45409867525100706, 1.2897385654598474, 0.8638460123538971, 0.9772925026179291, 0.6263432264328003, 0.5662849998474121, 1.1545965483784675, 0.6915756433148635, 0.7394906089035794, 1.6433281058329157, 0.7544718861579895, 1.3941601168969646]
Training Loss": [0.5272466471519767, 0.20629327958856777, 0.17591697429593706, 0.16496560167425114, 0.13804477056181386, 0.1219982688500104, 0.11193177245435681, 0.0976218549694558, 0.09080691336251485, 0.08204132873464912, 0.07473312059771456, 0.07063908404177775, 0.06561317540148077, 0.06208404031174631, 0.05900671607616106, 0.055275570968064965, 0.051405261480114595, 0.050381236401175186, 0.045536468993934195, 0.04782357670071526, 0.04671668428500988, 0.042875200067168634, 0.040201916683292614, 0.04438228268380335, 0.04174709084025413, 0.03747744683476421, 0.03982298785078586, 0.03725777006413338, 0.04309693968493399, 0.03332386146056289, 0.037970288040429324, 0.03188012833579523, 0.034673284192490106, 0.04171879356677961, 0.03115052511359419, 0.0360081571143507, 0.03345242999503884, 0.038871670763433494, 0.035259919036868835, 0.0300040739467549, 0.032337569802427656, 0.033547152117853016, 0.037992019451131606, 0.035213459616727054, 0.030073139594787884, 0.027578073587948324, 0.033674865623476526, 0.032856736522341536, 0.029812854277720385, 0.03286989683934192, 0.027437402908099307, 0.0320593750098423, 0.03226748738916549, 0.029043507255212143, 0.028622584635518852, 0.0324167733268519, 0.03206235604908017, 0.0273303144681059, 0.028073072959210386, 0.02862235721582748, 0.02915348427462391, 0.029401717183860376, 0.031802491588726944, 0.028403897995836425, 0.0319111938356594, 0.030540276651176035, 0.030773272205133376, 0.02679463010189369, 0.02507562133833754, 0.02935606273128531, 0.02613685648874127, 0.028659831196228617, 0.024987014015330263, 0.025588530162557774, 0.028406594258553106, 0.03040676575049605, 0.023678142427584023, 0.02824020233304937, 0.02668992370495052, 0.028021218044339546, 0.027696606800207312, 0.028037508520758217, 0.026665961774229894, 0.028325362888342843, 0.027476824107082104, 0.021846704188932427, 0.0250861632437585, 0.02692122855655292, 0.027712548857889756, 0.026565644951496055, 0.027513480943511425, 0.023136815751815462, 0.02661471926623621, 0.02703198954242803, 0.029417672819590856, 0.02450731675189112, 0.026145860332095226, 0.027366310032403363, 0.02624515080204103, 0.03044967669044661]
The higher accuracy: 93.0