The dataset is: chest_xray_3
The start time is 2022-01-31 02:45:45.791446 and end time 2022-01-31 14:21:05.642363
Architecture: resnet56
learning rate: 0.1
epoch: 100
weight_decay: 0.0001
Momentum: 0.9

        batch_size: 128
Testing Accuracy: [77.0, 87.0, 77.25, 84.0, 87.25, 82.5, 88.25, 86.0, 85.25, 87.5, 89.0, 88.5, 85.25, 85.5, 81.25, 82.5, 89.25, 88.5, 86.5, 88.5, 86.75, 87.25, 80.75, 80.5, 86.5, 86.75, 88.25, 86.25, 86.75, 87.5, 87.25, 82.0, 79.5, 87.0, 87.5, 90.75, 81.0, 87.75, 87.0, 80.5, 90.0, 85.75, 81.75, 85.5, 79.5, 86.5, 84.25, 87.25, 90.0, 81.75, 79.5, 81.25, 88.75, 88.0, 82.75, 79.75, 85.75, 91.5, 89.25, 88.25, 86.5, 85.5, 86.75, 81.25, 87.0, 81.25, 88.75, 87.75, 78.0, 86.0, 85.75, 88.5, 87.25, 85.75, 88.75, 78.0, 87.25, 86.5, 90.75, 74.75, 83.5, 70.0, 87.25, 84.0, 87.0, 86.75, 85.75, 81.0, 86.75, 85.75, 89.0, 88.0, 86.0, 86.75, 85.25, 89.0, 86.25, 89.75, 83.75, 81.75]
Training Accuracy": [76.796998412186, 89.63599261966363, 91.86413901651954, 93.04568193786203, 93.63480779357556, 94.4082411795682, 95.08293838059042, 95.26724591086952, 95.92877829633555, 96.26448129791532, 96.73841495122201, 96.91614007372301, 97.44602421925782, 97.54805160610847, 97.80476566212249, 98.10097419292818, 98.00223802001054, 98.27869931542918, 98.4728804593842, 98.48275408109531, 98.67035281325467, 98.81845707463992, 98.78883622959452, 99.07187993279126, 98.9961822011585, 99.24631384135925, 99.05542390731964, 99.1409952606635, 99.01592943654555, 99.10808320168509, 99.15086887433945, 99.41087414428647, 99.03238546603475, 99.35821484992101, 99.23314902178547, 99.31213796735123, 99.27264349255957, 99.22656660998979, 99.2759346984574, 99.32530278692502, 99.0751711427067, 99.36479725368152, 99.28580831615092, 99.36150605581885, 99.11466560946319, 99.26276987888362, 99.46353343865192, 99.31872037914692, 99.22656661400737, 99.45036861506055, 99.33846761453397, 99.34175881641423, 99.36150605581885, 99.4766982582257, 99.39441811479726, 99.20023696682465, 99.47669826224329, 99.18378093733544, 99.35821484992101, 99.45695102685625, 99.42074776198, 99.32201158102717, 99.43391257753618, 99.12783043305456, 99.37137966949479, 99.24631384135925, 99.18378093733544, 99.25947867298578, 99.24960505127467, 99.65113217482886, 99.33517640461854, 99.47340705232786, 99.32201158504476, 99.64125854910016, 99.37137967351238, 99.32201158504476, 99.18707214323328, 99.51948393891522, 99.27922590837282, 99.39112690086425, 99.5096103212217, 99.45036861506055, 99.32201158504476, 99.26606108478147, 99.30226434965772, 99.56226961558716, 99.35163243812534, 99.4141653501843, 99.61163770405477, 99.26606108076388, 99.3977093206951, 99.47340705634545, 99.35163243410774, 99.30555555153796, 99.40758293838863, 99.42733016975808, 99.31872037914692, 99.42733017377567, 99.46024222873649, 99.50631910728869]
Testing Loss":
         [0.5662356448173523, 0.34898101806640625, 0.4888819769024849, 0.38780837059020995, 0.36532033085823057, 0.40772806346416474, 0.3378652998805046, 0.3309597551822662, 0.304418066740036, 0.32104226529598234, 0.308809769153595, 0.32230027675628664, 0.46346605956554415, 0.41825068354606626, 0.5928487496823073, 0.5308187426626683, 0.38302215933799744, 0.4321385085582733, 0.4378520005941391, 0.35700494349002837, 0.41749400496482847, 0.4976617789268494, 0.7495775270462036, 0.6997660618275404, 0.5100027829408645, 0.4523922026157379, 0.470745125412941, 0.5228339923918247, 0.5111841177940368, 0.49582345724105836, 0.45835509300231936, 0.7724162897467614, 0.7458171653002501, 0.5353047323226928, 0.4267215180397034, 0.4266896605491638, 0.7429468446224928, 0.4762579488754273, 0.44987353682518005, 0.7565973867475987, 0.3798368275165558, 0.5401313179731368, 0.649265012294054, 0.6456626522541046, 0.8038178092241287, 0.5123512548208237, 0.6396888143569232, 0.44326675593853, 0.46329126834869383, 0.7252292025089264, 0.8013467514514923, 1.0402850484848023, 0.46540740609169007, 0.5789239031076431, 0.8211078843474389, 0.7918355818092823, 0.693570818901062, 0.3953226161003113, 0.5191789793968201, 0.4779836630821228, 0.6326667666435242, 0.6683748912811279, 0.6517092084884644, 0.666919295489788, 0.5235958307981491, 0.8074072057008743, 0.47432641506195067, 0.5166909694671631, 0.8938241106271744, 0.865751724243164, 0.571913777589798, 0.5415912127494812, 0.520406391620636, 0.5948730772733688, 0.5993921613693237, 0.957576367855072, 0.6445777332782745, 0.5505807280540467, 0.39718005299568176, 1.4393249778449535, 0.7406724347826094, 1.8119454163312911, 0.4605670985579491, 0.8374358749389649, 0.5565414035320282, 0.5793935027718544, 0.7602635955810547, 0.8481427273154258, 0.5327077555656433, 0.6093556076288223, 0.6248201894760131, 0.5024641740322113, 0.6148401838541031, 0.5573413038253784, 0.5735492199659348, 0.6555353677272797, 0.8920965695381164, 0.38589760757982733, 0.7455690199136734, 0.8387935543060303]
Training Loss": [1.959419476202816, 0.2506647473451274, 0.20361671776850643, 0.17693715532746299, 0.15877075635363644, 0.14362789480199056, 0.12814260268286695, 0.12248728919446689, 0.1074416534391562, 0.09457857651795884, 0.0826915548138395, 0.07912864522315001, 0.06761286253910934, 0.06486030367486034, 0.057770445407331464, 0.05132084726118112, 0.052013639138992866, 0.04455387583831271, 0.04048201762700847, 0.03932262269847228, 0.034841075538608074, 0.03273240543544889, 0.03161255069363425, 0.027200656784124567, 0.02721753100638502, 0.022772031630722393, 0.025948010446830382, 0.02409173436109771, 0.02736456857885324, 0.0247458473351608, 0.02284321087383601, 0.01618840322737092, 0.0257480112637019, 0.018345990031614325, 0.021489354912015077, 0.01880410562596505, 0.020798531481569505, 0.02149978870420024, 0.021079434013252137, 0.018443484063073404, 0.02571139711534272, 0.017066459733749564, 0.019670211323333405, 0.01786928714374144, 0.023956130385514605, 0.019746519090375298, 0.015273710623716522, 0.018748192056295524, 0.021684985183397128, 0.01610977885206909, 0.01774569852826916, 0.01926048376387561, 0.017103600325067775, 0.014839933307894387, 0.01801964145873709, 0.023239505197583114, 0.014164912472947403, 0.022960016156247365, 0.01698154753095874, 0.016274413581777673, 0.015932942071675532, 0.019535677511443146, 0.01653462598840115, 0.02609554006462586, 0.01659673661839074, 0.020035482294712335, 0.02325751119170175, 0.020085458993103027, 0.020494640229555293, 0.011083400243547023, 0.020467634677441653, 0.016415661095439005, 0.019372331927000316, 0.010992113911934696, 0.018315865125864146, 0.019961135836122947, 0.021895461166478603, 0.01538466879661014, 0.020154903461252306, 0.01685008287759377, 0.01451858556022639, 0.015230604937239272, 0.02051736204284172, 0.019851718379921227, 0.02082051497181189, 0.012642031689500607, 0.019037780817107677, 0.01696718401291315, 0.011294192061090098, 0.020879780189999787, 0.017398511601014632, 0.015718681989615294, 0.01881440079306547, 0.021358488088354995, 0.017871768475942247, 0.016264946878950977, 0.019421711583037456, 0.016851103085810695, 0.016315234797918927, 0.01610135181396003]
The higher accuracy: 91.5