The dataset is: chest_xray_3
The start time is 2022-01-30 02:11:25.564662 and end time 2022-01-30 13:24:57.239341
Architecture: resnet32
learning rate: 0.1
epoch: 100
weight_decay: 0.0001
Momentum: 0.9

        batch_size: 128
Testing Accuracy: [66.5, 80.25, 85.0, 65.75, 84.75, 90.0, 87.0, 70.25, 84.75, 87.5, 79.75, 89.5, 91.0, 92.25, 55.0, 80.75, 87.25, 75.5, 90.0, 84.5, 87.5, 61.5, 81.0, 81.25, 90.0, 69.5, 88.25, 88.5, 60.75, 89.75, 85.25, 85.25, 82.5, 89.75, 71.0, 65.0, 68.25, 89.25, 92.25, 86.0, 85.5, 92.0, 89.25, 78.25, 88.5, 90.75, 82.0, 91.75, 88.75, 75.25, 88.25, 86.5, 90.25, 82.75, 91.75, 79.5, 81.5, 81.25, 77.75, 89.75, 60.75, 91.0, 88.25, 87.75, 86.0, 89.5, 82.0, 85.0, 88.5, 86.5, 82.5, 85.5, 80.5, 66.75, 82.25, 78.0, 85.25, 80.75, 87.75, 70.0, 77.25, 78.5, 85.5, 88.0, 77.5, 88.5, 83.0, 85.75, 83.25, 84.5, 90.0, 92.25, 74.0, 82.75, 85.5, 85.25, 88.0, 92.0, 91.25, 88.0]
Training Accuracy": [80.76290152711954, 90.90968930614567, 92.49934175882044, 93.5788572852771, 94.26671931792586, 94.40494996965276, 94.90850447202243, 95.25737229317599, 95.69181147972617, 96.13612427191711, 96.3434702434811, 96.478409681275, 96.82398630456588, 97.07740915468204, 97.27159031068983, 97.39336492890995, 97.72248551065888, 97.7257767245919, 97.8376777211009, 97.9824907806059, 98.24578725243317, 98.23262242482423, 98.36097945885761, 98.31490258030543, 98.53870457332344, 98.62427593068489, 98.68022643094818, 98.41363875724065, 99.00276461295418, 98.84478672182264, 98.86453396524486, 98.91719325961031, 98.77567140600316, 99.21669298827868, 98.75592417061611, 98.94352290277547, 99.10150078988941, 99.18048972742001, 99.02909426013692, 99.24960505529226, 98.98630858346498, 98.91719325961031, 99.06529752501316, 99.06858872689342, 99.04225907971069, 99.08833596629805, 99.29897313974229, 98.95997893628225, 99.16074249605056, 99.2364402317009, 99.25618746708794, 99.2528962611901, 99.33517640863613, 99.22985781588763, 99.39112690889942, 99.23314902580306, 99.29239073196419, 99.35821484992101, 99.03896787381285, 99.38454449710373, 99.1804897314376, 99.11137440758294, 99.18378093331785, 99.09820958399158, 99.26935229067931, 99.27593470247498, 99.4042917284732, 99.29897314375988, 99.18707214323328, 99.30226434965772, 99.32859399282286, 99.28909952606635, 99.40100052257536, 99.24302264349657, 99.28251711025308, 99.41745655608214, 99.3088467614534, 99.36150605581885, 99.35492364000558, 99.2364402276833, 99.33846761453397, 99.39112690889942, 99.31872037512933, 99.17061611374407, 99.4865718799368, 98.93364928909952, 99.58859926276988, 99.39441811479726, 99.32201157700959, 99.1640337019484, 99.43391258557135, 99.54252238020011, 99.3812532912059, 99.3812532912059, 99.3977093206951, 99.33846761051637, 99.34505002632964, 99.52277514481305, 99.1870721392157, 99.33188520273828]
Testing Loss":
         [0.7405131052434445, 0.4599724543094635, 0.38111741811037064, 0.8911688401550054, 0.36831112623214723, 0.2705929386615753, 0.3046673905849457, 0.9381383514404297, 0.4346620403975248, 0.3822923690080643, 0.8265558004379272, 0.28752611875534057, 0.28060344338417054, 0.29685364544391635, 2.5597617267305033, 0.6406603169441223, 0.4088149273395538, 0.8601375357806682, 0.2943840527534485, 0.570595474243164, 0.42326462507247925, 2.3402478241920472, 0.7290430927276611, 0.7112510579824448, 0.36242257118225096, 1.377981045069173, 0.596681113243103, 0.4398867729306221, 3.0067498558727674, 0.41262034595012664, 0.7515825390815735, 0.802130355834961, 0.7269164815545082, 0.4174365346133709, 1.1466576766967773, 1.9180281911045314, 1.6668550364673138, 0.4769127142429352, 0.3641516572609544, 0.6336604917049408, 0.7059280756115913, 0.4241139721870422, 0.4101900219917297, 1.1349933195114135, 0.5279667967557907, 0.40845778286457063, 0.7616493120789528, 0.364065038561821, 0.600046181678772, 1.3848224978148937, 0.5867687940597535, 0.6431472134590149, 0.41329198479652407, 0.924572942852974, 0.4136734521389008, 1.1348537254333495, 0.7859880971908569, 0.8580646491050721, 1.1472355060419068, 0.5019341709930449, 2.6585736034833825, 0.41773827642202377, 0.5841456452198327, 0.6311746052652597, 0.619810373261571, 0.595329973101616, 0.9259936332702636, 0.8030937805958093, 0.5822234439849854, 0.6965085762739182, 0.7507249671220779, 0.7031477415561675, 0.633421094417572, 2.104742274209857, 0.7860353956371546, 1.067164895888418, 0.47785483837127685, 0.8829586762189865, 0.5695457449555397, 1.8877459877729417, 1.2065461277076974, 1.0802407954982483, 0.7648658847808838, 0.5816039800643921, 1.110477582216263, 0.49719040155410765, 0.9456861891737208, 0.7371723063476384, 0.7851375555992126, 1.0243400859832763, 0.44280980348587035, 0.3395356410741806, 1.5895355640351772, 0.752014045715332, 0.6075796040892602, 0.6163208352029323, 0.437578626871109, 0.3851006269454956, 0.4555311068892479, 0.6041386258602143]
Training Loss": [1.4918709837367121, 0.22492767221491985, 0.18591728774323596, 0.15994912637039635, 0.1459944527978769, 0.14021012154439677, 0.13092877821366117, 0.12355728070003978, 0.1111866656412273, 0.10338397254640645, 0.09475840830988103, 0.09050470900541861, 0.08228913985934302, 0.07828637293337394, 0.0718077864770578, 0.07010274496774978, 0.06233116234993545, 0.058206029037202955, 0.054663042188192935, 0.054819817055976036, 0.04786047173478592, 0.04748252426921976, 0.04469752964858415, 0.04358545890084815, 0.03959520402148154, 0.036270784980187355, 0.03605225610459962, 0.04249964518106693, 0.025959225183155677, 0.031276823204891537, 0.030466880166747184, 0.028415472223656375, 0.032307526644019154, 0.02168322071774405, 0.03336871146229834, 0.02838194991347663, 0.024925622211209156, 0.022518412432946725, 0.026611407030434624, 0.022182363871359446, 0.028887567580189594, 0.028208380087370494, 0.0258168481065234, 0.025790158595831936, 0.024753808787385843, 0.025560055048709607, 0.020092023539995917, 0.028199442371965366, 0.022962675005660488, 0.020747360455587293, 0.02035134132944632, 0.020469731669882807, 0.01942664267617391, 0.02261329631420689, 0.017122313553607656, 0.02187402084214282, 0.020388365392031257, 0.018545891394178574, 0.026661654502710522, 0.01900793776492843, 0.022579941227679003, 0.0251111202996387, 0.02095759322100749, 0.02580944132138281, 0.019404521310802995, 0.02155122576941544, 0.017003220158421668, 0.019967341447911624, 0.02228575480109735, 0.020158325294998836, 0.018473556889794872, 0.0205556206594468, 0.01741066864549941, 0.021723200034461973, 0.01956522040335896, 0.016668794743850114, 0.01937935811716606, 0.01836048338999712, 0.019763448750850336, 0.022075594834671437, 0.018766856051514562, 0.016536680759353002, 0.01809560354890252, 0.0227565789090596, 0.014162138208777316, 0.027992926501331086, 0.012991768129958548, 0.01768252131231953, 0.019144093459388688, 0.02263362472043179, 0.016668721343713836, 0.013882424839193089, 0.01788714256564527, 0.01781571297361964, 0.01816849165761342, 0.0178507015312835, 0.019102342598181436, 0.013861687091684824, 0.02161724212321464, 0.018109668494487134]
The higher accuracy: 92.25