The dataset is: chest_xray_3
The start time is 2022-01-30 15:23:32.476202 and end time 2022-01-31 02:45:45.268449
Architecture: resnet44
learning rate: 0.1
epoch: 100
weight_decay: 0.0001
Momentum: 0.9

        batch_size: 128
Testing Accuracy: [67.0, 52.0, 77.25, 69.25, 89.0, 81.0, 61.5, 89.25, 83.75, 76.0, 73.75, 83.75, 57.25, 88.5, 87.25, 83.0, 71.5, 90.0, 87.5, 86.0, 82.0, 78.25, 84.75, 71.0, 65.75, 81.0, 88.0, 89.75, 87.75, 70.0, 89.75, 92.0, 83.25, 85.75, 91.5, 87.25, 79.0, 76.75, 88.0, 57.5, 67.25, 77.25, 89.0, 90.25, 83.5, 90.75, 90.0, 90.75, 92.75, 69.0, 93.25, 91.0, 82.0, 85.5, 87.75, 85.0, 86.5, 81.5, 92.25, 89.25, 88.5, 71.25, 80.5, 83.25, 64.75, 82.5, 62.75, 79.25, 66.0, 82.75, 89.25, 79.75, 69.25, 91.75, 73.0, 91.5, 81.0, 85.0, 90.75, 83.25, 90.5, 85.25, 79.25, 89.0, 82.25, 88.25, 88.75, 88.5, 88.25, 76.25, 93.5, 81.25, 83.75, 83.75, 68.5, 82.75, 86.5, 76.75, 92.75, 85.5]
Training Accuracy": [76.65218536071616, 87.99368088065856, 91.00184306726761, 92.08794102159031, 93.26948393891522, 93.65126381904719, 94.57280147446025, 94.99407582134872, 95.35939968404423, 95.93865192206424, 96.26448130193292, 96.55739862282317, 96.74828856489795, 97.08399156647774, 97.43285939566645, 97.68299104390238, 97.91337546076882, 98.06477092805193, 98.35110584116408, 98.42022116903634, 98.33135860979463, 98.61111111111111, 98.75592417061611, 98.60781990521328, 98.7394681411269, 98.82503949447077, 98.93364928909952, 98.97972616765172, 99.09491837809374, 99.12783043305456, 99.08833596228047, 98.95668773038442, 99.27593470247498, 99.03238546603475, 99.07187993680884, 99.30555555555556, 99.24302264349657, 99.26606108478147, 99.17061611374407, 99.35492364402317, 99.22656660998979, 99.2364402317009, 99.31872037111175, 99.10808320168509, 99.26606108478147, 99.38783570300158, 99.29897313572471, 99.38454449710373, 99.21669299631385, 99.27922590837282, 99.56226961558716, 99.33846761453397, 99.20023695878947, 99.26606108076388, 99.00605581885203, 99.42733016975808, 99.36808846761454, 99.28251711427068, 99.44378620326488, 99.39441811479726, 99.54581358208036, 99.19694576092681, 99.19694575690922, 99.24631384135925, 99.46682464053218, 99.19365455502896, 99.4207477579624, 99.25947867298578, 99.40429173249079, 99.37467087941022, 99.32201158102717, 99.25947867298578, 99.46682464454976, 99.49973669951059, 99.08833596629805, 99.53923117430226, 99.31213796735123, 99.33517640863613, 99.34834123222748, 99.36479725368152, 99.30555555555556, 99.36150605581885, 99.37467087539262, 99.45036861506055, 99.41745655608214, 99.46024223275408, 99.3483412282099, 99.47340705634545, 99.54252237216494, 99.50631911532385, 99.20352817272249, 99.37467087539262, 99.532648758489, 99.29568193384445, 99.43062137565593, 99.39441811479726, 99.35163243009016, 99.2364402317009, 99.68404423380727, 99.40100052257536]
Testing Loss":
         [0.6563324093818664, 1.120016306042671, 0.5368695640563965, 1.0754104137420655, 0.28066814184188843, 0.5168969559669495, 1.1369724395312368, 0.274705154299736, 0.45780390582978725, 1.0197330975532533, 0.6607877933047712, 0.5515287685394287, 1.9051379072200507, 0.41023635149002075, 0.38565529108047486, 0.7233550691604614, 1.4329031467437745, 0.290166982896626, 0.42547926267609, 0.567938980218023, 0.9556942653656005, 0.8476378329098224, 0.6385505180992186, 1.4494886382727419, 1.8362335617654026, 0.8111804194608703, 0.5185288298130035, 0.4511129152774811, 0.5597785460948944, 2.00379478931427, 0.511374694108963, 0.34697451660875234, 0.897700502872467, 0.5145732381939888, 0.3478396290540695, 0.6227362191677094, 1.0109490941092372, 1.6594911551475524, 0.4993584926426411, 3.4911891849292442, 1.4391144601255654, 1.8819967269897462, 0.5543954050540925, 0.5541548538208008, 0.7493546655774117, 0.34756427600979806, 0.39490232983371243, 0.3811884587118402, 0.31538670711219313, 1.5307538556680083, 0.29780128300189973, 0.3704149340465665, 0.7238135894824518, 0.517437187647447, 0.47845061210915446, 0.9824067056179047, 0.6197774028778076, 1.3257997465133666, 0.4293933139741421, 0.47286731958389283, 0.660750617980957, 2.4576400446891786, 0.9732551765441895, 0.5674435460567474, 2.3231686203871504, 0.8983892107009888, 1.9668006330658683, 0.8885360348969698, 1.9828077479125932, 0.7856789970397949, 0.45736471459269523, 0.9249131757766008, 1.6763062908500432, 0.35833122581243515, 2.3870843601226808, 0.4777397992648184, 0.9421537160873413, 0.8045975124835968, 0.3257812563329935, 0.6355530481319874, 0.4231639069318771, 0.8045678889751434, 1.566852135658264, 0.4129118587076664, 0.7909742620354518, 0.5287750069797039, 0.42403735721483826, 0.4208656117320061, 0.5934089463949204, 2.075252637863159, 0.36126800894737243, 0.9717329359054565, 0.9439355540275574, 0.9154692220687867, 1.6999568757228554, 0.7761366647668183, 0.4882668071985245, 1.7538368320465088, 0.34727448016405105, 0.7080861973762512]
Training Loss": [1.2465953494825759, 0.27343002779349457, 0.2178774109682075, 0.19395569526345682, 0.1672110059124473, 0.15761334002959596, 0.14083362234586663, 0.12948576417830568, 0.11840985253210003, 0.10532310791804077, 0.09722881532299199, 0.0879549247189658, 0.0852044534689505, 0.07740268603618551, 0.0662048392747188, 0.06150311553137688, 0.055422399788427945, 0.05123719295438746, 0.04566748088726939, 0.04242182191090561, 0.04349060502372144, 0.03712371958879702, 0.03198704282052348, 0.03571437168724172, 0.033189993837221536, 0.03214942414084034, 0.02881957311318082, 0.0282992463139106, 0.024905839490372218, 0.024117562246497616, 0.025688387203437833, 0.028642209720998422, 0.02075353482705769, 0.02675060860581182, 0.02609635248209883, 0.01901878428277856, 0.022233347836555742, 0.02039853004707301, 0.023027783942731563, 0.01812957081205166, 0.021344368018797466, 0.021265935228294983, 0.019628385716746157, 0.024912331722629674, 0.020627354379358843, 0.017695126146040838, 0.018172757890739483, 0.016330013494791976, 0.021995108430075207, 0.01979358597516841, 0.01381991147196088, 0.019576705313469625, 0.023495695119446096, 0.02054712148491154, 0.026472466075307385, 0.016085129420764906, 0.017702577131731203, 0.02026317513443867, 0.016234824235238168, 0.01618301700270995, 0.01328038720508695, 0.021293114046622586, 0.021621498812368634, 0.02094234798246776, 0.014300012231028083, 0.023916699146737136, 0.016096299087992618, 0.021019203379812047, 0.01657585254341306, 0.017138272233791906, 0.018876428850874965, 0.02238109280424425, 0.015874431688748514, 0.014423492680420964, 0.02548988234534224, 0.013908465421455017, 0.01898787254720177, 0.018886305007660833, 0.017598951657917184, 0.016939806278889167, 0.019095270807662094, 0.017870694484704887, 0.01802719025168884, 0.016347348238839293, 0.016239573504101913, 0.015606470780274924, 0.017520996480552442, 0.01400824918615445, 0.013825885639852084, 0.015220933207352422, 0.02244170968312419, 0.018081993277058624, 0.012494912926816804, 0.019499295898980456, 0.015901815171464845, 0.016985470305475012, 0.017531851718517087, 0.021146431228360765, 0.00963214645948442, 0.016606176626123587]
The higher accuracy: 93.5